# id	left	top	right	bottom	texture_id	is_flip
[SPRITES]
#####  BIG ###############
#IDLE
11121	258	68	282	99	0	1
11111	258	68	282	99	0

#WALKING	RIGHT
11222	258	68	282	99	0	1
11223	232	68	257	99	0	1
11224	207	68	232	99	0	1

#WALKING	LEFT
11212	258	68	282	99	0
11213	232	68	257	99	0
11214	207	68	232	99	0

#RUNNING	RIGHT
11321	258	68	282	99	0	1
11322	232	68	257	99	0	1
11323	207	68	232	99	0	1

#RUNNING	LEFT
11311	258	68	282	99	0
11312	232	68	257	99	0
11313	207	68	232	99	0

#JUMP WALK RIGHT
11417	258	68	282	99	0	1
11413	232	68	257	99	0	1
11413	207	68	232	99	0	1

#JUMP RUN RIGHT & LEFT
11427	207	68	232	99	0	1
11423	207	68	232	99	0

#SIT RIGHT & LEFT 
11521	207	68	232	99	0	1
11511	207	68	232	99	0

#BRACE RIGHT & LEFT 
11621	207	68	232	99	0	1
11611	207	68	232	99	0

#DIE
13001	215	120	234	137	0

# ani_id	sprite1_id	time1	sprite2_id	time2	...
[ANIMATIONS]
400	11121	100
401	11111	100

#WALKING RIGHT & LEFT 
500	11121	100	11222	100	11223	100	11224	100
501	11111	100	11212	100	11213	100	11214	100

#RUNNING RIGHT & LEFT
600	11321	50	11322	50	11323	50
601	11311	50	11312	50	11313	50

#JUMP WALK
700	11417	100
701	11413	100

#JUMP RUN
800	11427	100
801	11423	100

#SIT RIGHT & LEFT 
900	11521	100
901	11511	100

#BRACE RIGHT & LEFT 
1000	11621	100
1001	11611	100

#DIE
999	13001	100